"x"	"y"
554821	125086
555821	125086
556821	125086
557821	125086
558821	125086
559821	125086
560821	125086
561821	125086
562821	125086
563821	125086
564821	125086
565821	125086
566821	125086
567821	125086
568821	125086
569821	125086
570821	125086
571821	125086
572821	125086
573821	125086
574821	125086
575821	125086
576821	125086
577821	125086
578821	125086
579821	125086
580821	125086
581821	125086
582821	125086
583821	125086
584821	125086
585821	125086
586821	125086
587821	125086
588821	125086
589821	125086
590821	125086
591821	125086
592821	125086
593821	125086
594821	125086
595821	125086
596821	125086
597821	125086
598821	125086
599821	125086
600821	125086
601821	125086
602821	125086
603821	125086
604821	125086
605821	125086
606821	125086
607821	125086
608821	125086
609821	125086
610821	125086
611821	125086
612821	125086
613821	125086
614821	125086
615821	125086
616821	125086
617821	125086
618821	125086
619821	125086
620821	125086
621821	125086
622821	125086
623821	125086
624821	125086
625821	125086
626821	125086
627821	125086
628821	125086
629821	125086
630821	125086
554821	126086
555821	126086
556821	126086
557821	126086
558821	126086
559821	126086
560821	126086
561821	126086
562821	126086
563821	126086
564821	126086
565821	126086
566821	126086
567821	126086
568821	126086
569821	126086
570821	126086
571821	126086
572821	126086
573821	126086
574821	126086
575821	126086
576821	126086
577821	126086
578821	126086
579821	126086
580821	126086
581821	126086
582821	126086
583821	126086
584821	126086
585821	126086
586821	126086
587821	126086
588821	126086
589821	126086
590821	126086
591821	126086
592821	126086
593821	126086
594821	126086
595821	126086
596821	126086
597821	126086
598821	126086
599821	126086
600821	126086
601821	126086
602821	126086
603821	126086
604821	126086
605821	126086
606821	126086
607821	126086
608821	126086
609821	126086
610821	126086
611821	126086
612821	126086
613821	126086
614821	126086
615821	126086
616821	126086
617821	126086
618821	126086
619821	126086
620821	126086
621821	126086
622821	126086
623821	126086
624821	126086
625821	126086
626821	126086
627821	126086
628821	126086
629821	126086
630821	126086
554821	127086
555821	127086
556821	127086
557821	127086
558821	127086
559821	127086
560821	127086
561821	127086
562821	127086
563821	127086
564821	127086
565821	127086
566821	127086
567821	127086
568821	127086
569821	127086
570821	127086
571821	127086
572821	127086
573821	127086
574821	127086
575821	127086
576821	127086
577821	127086
578821	127086
579821	127086
580821	127086
581821	127086
582821	127086
583821	127086
584821	127086
585821	127086
586821	127086
587821	127086
588821	127086
589821	127086
590821	127086
591821	127086
592821	127086
593821	127086
594821	127086
595821	127086
596821	127086
597821	127086
598821	127086
599821	127086
600821	127086
601821	127086
602821	127086
603821	127086
604821	127086
605821	127086
606821	127086
607821	127086
608821	127086
609821	127086
610821	127086
611821	127086
612821	127086
613821	127086
614821	127086
615821	127086
616821	127086
617821	127086
618821	127086
619821	127086
620821	127086
621821	127086
622821	127086
623821	127086
624821	127086
625821	127086
626821	127086
627821	127086
628821	127086
629821	127086
630821	127086
554821	128086
555821	128086
556821	128086
557821	128086
558821	128086
559821	128086
560821	128086
561821	128086
562821	128086
563821	128086
564821	128086
565821	128086
566821	128086
567821	128086
568821	128086
569821	128086
570821	128086
571821	128086
572821	128086
573821	128086
574821	128086
575821	128086
576821	128086
577821	128086
578821	128086
579821	128086
580821	128086
581821	128086
582821	128086
583821	128086
584821	128086
585821	128086
586821	128086
587821	128086
588821	128086
589821	128086
590821	128086
591821	128086
592821	128086
593821	128086
594821	128086
595821	128086
596821	128086
597821	128086
598821	128086
599821	128086
600821	128086
601821	128086
602821	128086
603821	128086
604821	128086
605821	128086
606821	128086
607821	128086
608821	128086
609821	128086
610821	128086
611821	128086
612821	128086
613821	128086
614821	128086
615821	128086
616821	128086
617821	128086
618821	128086
619821	128086
620821	128086
621821	128086
622821	128086
623821	128086
624821	128086
625821	128086
626821	128086
627821	128086
628821	128086
629821	128086
630821	128086
554821	129086
555821	129086
556821	129086
557821	129086
558821	129086
559821	129086
560821	129086
561821	129086
562821	129086
563821	129086
564821	129086
565821	129086
566821	129086
567821	129086
568821	129086
569821	129086
570821	129086
571821	129086
572821	129086
573821	129086
574821	129086
575821	129086
576821	129086
577821	129086
578821	129086
579821	129086
580821	129086
581821	129086
582821	129086
583821	129086
584821	129086
585821	129086
586821	129086
587821	129086
588821	129086
589821	129086
590821	129086
591821	129086
592821	129086
593821	129086
594821	129086
595821	129086
596821	129086
597821	129086
598821	129086
599821	129086
600821	129086
601821	129086
602821	129086
603821	129086
604821	129086
605821	129086
606821	129086
607821	129086
608821	129086
609821	129086
610821	129086
611821	129086
612821	129086
613821	129086
614821	129086
615821	129086
616821	129086
617821	129086
618821	129086
619821	129086
620821	129086
621821	129086
622821	129086
623821	129086
624821	129086
625821	129086
626821	129086
627821	129086
628821	129086
629821	129086
630821	129086
554821	130086
555821	130086
556821	130086
557821	130086
558821	130086
559821	130086
560821	130086
561821	130086
562821	130086
563821	130086
564821	130086
565821	130086
566821	130086
567821	130086
568821	130086
569821	130086
570821	130086
571821	130086
572821	130086
573821	130086
574821	130086
575821	130086
576821	130086
577821	130086
578821	130086
579821	130086
580821	130086
581821	130086
582821	130086
583821	130086
584821	130086
585821	130086
586821	130086
587821	130086
588821	130086
589821	130086
590821	130086
591821	130086
592821	130086
593821	130086
594821	130086
595821	130086
596821	130086
597821	130086
598821	130086
599821	130086
600821	130086
601821	130086
602821	130086
603821	130086
604821	130086
605821	130086
606821	130086
607821	130086
608821	130086
609821	130086
610821	130086
611821	130086
612821	130086
613821	130086
614821	130086
615821	130086
616821	130086
617821	130086
618821	130086
619821	130086
620821	130086
621821	130086
622821	130086
623821	130086
624821	130086
625821	130086
626821	130086
627821	130086
628821	130086
629821	130086
630821	130086
554821	131086
555821	131086
556821	131086
557821	131086
558821	131086
559821	131086
560821	131086
561821	131086
562821	131086
563821	131086
564821	131086
565821	131086
566821	131086
567821	131086
568821	131086
569821	131086
570821	131086
571821	131086
572821	131086
573821	131086
574821	131086
575821	131086
576821	131086
577821	131086
578821	131086
579821	131086
580821	131086
581821	131086
582821	131086
583821	131086
584821	131086
585821	131086
586821	131086
587821	131086
588821	131086
589821	131086
590821	131086
591821	131086
592821	131086
593821	131086
594821	131086
595821	131086
596821	131086
597821	131086
598821	131086
599821	131086
600821	131086
601821	131086
602821	131086
603821	131086
604821	131086
605821	131086
606821	131086
607821	131086
608821	131086
609821	131086
610821	131086
611821	131086
612821	131086
613821	131086
614821	131086
615821	131086
616821	131086
617821	131086
618821	131086
619821	131086
620821	131086
621821	131086
622821	131086
623821	131086
624821	131086
625821	131086
626821	131086
627821	131086
628821	131086
629821	131086
630821	131086
554821	132086
555821	132086
556821	132086
557821	132086
558821	132086
559821	132086
560821	132086
561821	132086
562821	132086
563821	132086
564821	132086
565821	132086
566821	132086
567821	132086
568821	132086
569821	132086
570821	132086
571821	132086
572821	132086
573821	132086
574821	132086
575821	132086
576821	132086
577821	132086
578821	132086
579821	132086
580821	132086
581821	132086
582821	132086
583821	132086
584821	132086
585821	132086
586821	132086
587821	132086
588821	132086
589821	132086
590821	132086
591821	132086
592821	132086
593821	132086
594821	132086
595821	132086
596821	132086
597821	132086
598821	132086
599821	132086
600821	132086
601821	132086
602821	132086
603821	132086
604821	132086
605821	132086
606821	132086
607821	132086
608821	132086
609821	132086
610821	132086
611821	132086
612821	132086
613821	132086
614821	132086
615821	132086
616821	132086
617821	132086
618821	132086
619821	132086
620821	132086
621821	132086
622821	132086
623821	132086
624821	132086
625821	132086
626821	132086
627821	132086
628821	132086
629821	132086
630821	132086
554821	133086
555821	133086
556821	133086
557821	133086
558821	133086
559821	133086
560821	133086
561821	133086
562821	133086
563821	133086
564821	133086
565821	133086
566821	133086
567821	133086
568821	133086
569821	133086
570821	133086
571821	133086
572821	133086
573821	133086
574821	133086
575821	133086
576821	133086
577821	133086
578821	133086
579821	133086
580821	133086
581821	133086
582821	133086
583821	133086
584821	133086
585821	133086
586821	133086
587821	133086
588821	133086
589821	133086
590821	133086
591821	133086
592821	133086
593821	133086
594821	133086
595821	133086
596821	133086
597821	133086
598821	133086
599821	133086
600821	133086
601821	133086
602821	133086
603821	133086
604821	133086
605821	133086
606821	133086
607821	133086
608821	133086
609821	133086
610821	133086
611821	133086
612821	133086
613821	133086
614821	133086
615821	133086
616821	133086
617821	133086
618821	133086
619821	133086
620821	133086
621821	133086
622821	133086
623821	133086
624821	133086
625821	133086
626821	133086
627821	133086
628821	133086
629821	133086
630821	133086
554821	134086
555821	134086
556821	134086
557821	134086
558821	134086
559821	134086
560821	134086
561821	134086
562821	134086
563821	134086
564821	134086
565821	134086
566821	134086
567821	134086
568821	134086
569821	134086
570821	134086
571821	134086
572821	134086
573821	134086
574821	134086
575821	134086
576821	134086
577821	134086
578821	134086
579821	134086
580821	134086
581821	134086
582821	134086
583821	134086
584821	134086
585821	134086
586821	134086
587821	134086
588821	134086
589821	134086
590821	134086
591821	134086
592821	134086
593821	134086
594821	134086
595821	134086
596821	134086
597821	134086
598821	134086
599821	134086
600821	134086
601821	134086
602821	134086
603821	134086
604821	134086
605821	134086
606821	134086
607821	134086
608821	134086
609821	134086
610821	134086
611821	134086
612821	134086
613821	134086
614821	134086
615821	134086
616821	134086
617821	134086
618821	134086
619821	134086
620821	134086
621821	134086
622821	134086
623821	134086
624821	134086
625821	134086
626821	134086
627821	134086
628821	134086
629821	134086
630821	134086
554821	135086
555821	135086
556821	135086
557821	135086
558821	135086
559821	135086
560821	135086
561821	135086
562821	135086
563821	135086
564821	135086
565821	135086
566821	135086
567821	135086
568821	135086
569821	135086
570821	135086
571821	135086
572821	135086
573821	135086
574821	135086
575821	135086
576821	135086
577821	135086
578821	135086
579821	135086
580821	135086
581821	135086
582821	135086
583821	135086
584821	135086
585821	135086
586821	135086
587821	135086
588821	135086
589821	135086
590821	135086
591821	135086
592821	135086
593821	135086
594821	135086
595821	135086
596821	135086
597821	135086
598821	135086
599821	135086
600821	135086
601821	135086
602821	135086
603821	135086
604821	135086
605821	135086
606821	135086
607821	135086
608821	135086
609821	135086
610821	135086
611821	135086
612821	135086
613821	135086
614821	135086
615821	135086
616821	135086
617821	135086
618821	135086
619821	135086
620821	135086
621821	135086
622821	135086
623821	135086
624821	135086
625821	135086
626821	135086
627821	135086
628821	135086
629821	135086
630821	135086
554821	136086
555821	136086
556821	136086
557821	136086
558821	136086
559821	136086
560821	136086
561821	136086
562821	136086
563821	136086
564821	136086
565821	136086
566821	136086
567821	136086
568821	136086
569821	136086
570821	136086
571821	136086
572821	136086
573821	136086
574821	136086
575821	136086
576821	136086
577821	136086
578821	136086
579821	136086
580821	136086
581821	136086
582821	136086
583821	136086
584821	136086
585821	136086
586821	136086
587821	136086
588821	136086
589821	136086
590821	136086
591821	136086
592821	136086
593821	136086
594821	136086
595821	136086
596821	136086
597821	136086
598821	136086
599821	136086
600821	136086
601821	136086
602821	136086
603821	136086
604821	136086
605821	136086
606821	136086
607821	136086
608821	136086
609821	136086
610821	136086
611821	136086
612821	136086
613821	136086
614821	136086
615821	136086
616821	136086
617821	136086
618821	136086
619821	136086
620821	136086
621821	136086
622821	136086
623821	136086
624821	136086
625821	136086
626821	136086
627821	136086
628821	136086
629821	136086
630821	136086
554821	137086
555821	137086
556821	137086
557821	137086
558821	137086
559821	137086
560821	137086
561821	137086
562821	137086
563821	137086
564821	137086
565821	137086
566821	137086
567821	137086
568821	137086
569821	137086
570821	137086
571821	137086
572821	137086
573821	137086
574821	137086
575821	137086
576821	137086
577821	137086
578821	137086
579821	137086
580821	137086
581821	137086
582821	137086
583821	137086
584821	137086
585821	137086
586821	137086
587821	137086
588821	137086
589821	137086
590821	137086
591821	137086
592821	137086
593821	137086
594821	137086
595821	137086
596821	137086
597821	137086
598821	137086
599821	137086
600821	137086
601821	137086
602821	137086
603821	137086
604821	137086
605821	137086
606821	137086
607821	137086
608821	137086
609821	137086
610821	137086
611821	137086
612821	137086
613821	137086
614821	137086
615821	137086
616821	137086
617821	137086
618821	137086
619821	137086
620821	137086
621821	137086
622821	137086
623821	137086
624821	137086
625821	137086
626821	137086
627821	137086
628821	137086
629821	137086
630821	137086
554821	138086
555821	138086
556821	138086
557821	138086
558821	138086
559821	138086
560821	138086
561821	138086
562821	138086
563821	138086
564821	138086
565821	138086
566821	138086
567821	138086
568821	138086
569821	138086
570821	138086
571821	138086
572821	138086
573821	138086
574821	138086
575821	138086
576821	138086
577821	138086
578821	138086
579821	138086
580821	138086
581821	138086
582821	138086
583821	138086
584821	138086
585821	138086
586821	138086
587821	138086
588821	138086
589821	138086
590821	138086
591821	138086
592821	138086
593821	138086
594821	138086
595821	138086
596821	138086
597821	138086
598821	138086
599821	138086
600821	138086
601821	138086
602821	138086
603821	138086
604821	138086
605821	138086
606821	138086
607821	138086
608821	138086
609821	138086
610821	138086
611821	138086
612821	138086
613821	138086
614821	138086
615821	138086
616821	138086
617821	138086
618821	138086
619821	138086
620821	138086
621821	138086
622821	138086
623821	138086
624821	138086
625821	138086
626821	138086
627821	138086
628821	138086
629821	138086
630821	138086
554821	139086
555821	139086
556821	139086
557821	139086
558821	139086
559821	139086
560821	139086
561821	139086
562821	139086
563821	139086
564821	139086
565821	139086
566821	139086
567821	139086
568821	139086
569821	139086
570821	139086
571821	139086
572821	139086
573821	139086
574821	139086
575821	139086
576821	139086
577821	139086
578821	139086
579821	139086
580821	139086
581821	139086
582821	139086
583821	139086
584821	139086
585821	139086
586821	139086
587821	139086
588821	139086
589821	139086
590821	139086
591821	139086
592821	139086
593821	139086
594821	139086
595821	139086
596821	139086
597821	139086
598821	139086
599821	139086
600821	139086
601821	139086
602821	139086
603821	139086
604821	139086
605821	139086
606821	139086
607821	139086
608821	139086
609821	139086
610821	139086
611821	139086
612821	139086
613821	139086
614821	139086
615821	139086
616821	139086
617821	139086
618821	139086
619821	139086
620821	139086
621821	139086
622821	139086
623821	139086
624821	139086
625821	139086
626821	139086
627821	139086
628821	139086
629821	139086
630821	139086
554821	140086
555821	140086
556821	140086
557821	140086
558821	140086
559821	140086
560821	140086
561821	140086
562821	140086
563821	140086
564821	140086
565821	140086
566821	140086
567821	140086
568821	140086
569821	140086
570821	140086
571821	140086
572821	140086
573821	140086
574821	140086
575821	140086
576821	140086
577821	140086
578821	140086
579821	140086
580821	140086
581821	140086
582821	140086
583821	140086
584821	140086
585821	140086
586821	140086
587821	140086
588821	140086
589821	140086
590821	140086
591821	140086
592821	140086
593821	140086
594821	140086
595821	140086
596821	140086
597821	140086
598821	140086
599821	140086
600821	140086
601821	140086
602821	140086
603821	140086
604821	140086
605821	140086
606821	140086
607821	140086
608821	140086
609821	140086
610821	140086
611821	140086
612821	140086
613821	140086
614821	140086
615821	140086
616821	140086
617821	140086
618821	140086
619821	140086
620821	140086
621821	140086
622821	140086
623821	140086
624821	140086
625821	140086
626821	140086
627821	140086
628821	140086
629821	140086
630821	140086
554821	141086
555821	141086
556821	141086
557821	141086
558821	141086
559821	141086
560821	141086
561821	141086
562821	141086
563821	141086
564821	141086
565821	141086
566821	141086
567821	141086
568821	141086
569821	141086
570821	141086
571821	141086
572821	141086
573821	141086
574821	141086
575821	141086
576821	141086
577821	141086
578821	141086
579821	141086
580821	141086
581821	141086
582821	141086
583821	141086
584821	141086
585821	141086
586821	141086
587821	141086
588821	141086
589821	141086
590821	141086
591821	141086
592821	141086
593821	141086
594821	141086
595821	141086
596821	141086
597821	141086
598821	141086
599821	141086
600821	141086
601821	141086
602821	141086
603821	141086
604821	141086
605821	141086
606821	141086
607821	141086
608821	141086
609821	141086
610821	141086
611821	141086
612821	141086
613821	141086
614821	141086
615821	141086
616821	141086
617821	141086
618821	141086
619821	141086
620821	141086
621821	141086
622821	141086
623821	141086
624821	141086
625821	141086
626821	141086
627821	141086
628821	141086
629821	141086
630821	141086
554821	142086
555821	142086
556821	142086
557821	142086
558821	142086
559821	142086
560821	142086
561821	142086
562821	142086
563821	142086
564821	142086
565821	142086
566821	142086
567821	142086
568821	142086
569821	142086
570821	142086
571821	142086
572821	142086
573821	142086
574821	142086
575821	142086
576821	142086
577821	142086
578821	142086
579821	142086
580821	142086
581821	142086
582821	142086
583821	142086
584821	142086
585821	142086
586821	142086
587821	142086
588821	142086
589821	142086
590821	142086
591821	142086
592821	142086
593821	142086
594821	142086
595821	142086
596821	142086
597821	142086
598821	142086
599821	142086
600821	142086
601821	142086
602821	142086
603821	142086
604821	142086
605821	142086
606821	142086
607821	142086
608821	142086
609821	142086
610821	142086
611821	142086
612821	142086
613821	142086
614821	142086
615821	142086
616821	142086
617821	142086
618821	142086
619821	142086
620821	142086
621821	142086
622821	142086
623821	142086
624821	142086
625821	142086
626821	142086
627821	142086
628821	142086
629821	142086
630821	142086
554821	143086
555821	143086
556821	143086
557821	143086
558821	143086
559821	143086
560821	143086
561821	143086
562821	143086
563821	143086
564821	143086
565821	143086
566821	143086
567821	143086
568821	143086
569821	143086
570821	143086
571821	143086
572821	143086
573821	143086
574821	143086
575821	143086
576821	143086
577821	143086
578821	143086
579821	143086
580821	143086
581821	143086
582821	143086
583821	143086
584821	143086
585821	143086
586821	143086
587821	143086
588821	143086
589821	143086
590821	143086
591821	143086
592821	143086
593821	143086
594821	143086
595821	143086
596821	143086
597821	143086
598821	143086
599821	143086
600821	143086
601821	143086
602821	143086
603821	143086
604821	143086
605821	143086
606821	143086
607821	143086
608821	143086
609821	143086
610821	143086
611821	143086
612821	143086
613821	143086
614821	143086
615821	143086
616821	143086
617821	143086
618821	143086
619821	143086
620821	143086
621821	143086
622821	143086
623821	143086
624821	143086
625821	143086
626821	143086
627821	143086
628821	143086
629821	143086
630821	143086
554821	144086
555821	144086
556821	144086
557821	144086
558821	144086
559821	144086
560821	144086
561821	144086
562821	144086
563821	144086
564821	144086
565821	144086
566821	144086
567821	144086
568821	144086
569821	144086
570821	144086
571821	144086
572821	144086
573821	144086
574821	144086
575821	144086
576821	144086
577821	144086
578821	144086
579821	144086
580821	144086
581821	144086
582821	144086
583821	144086
584821	144086
585821	144086
586821	144086
587821	144086
588821	144086
589821	144086
590821	144086
591821	144086
592821	144086
593821	144086
594821	144086
595821	144086
596821	144086
597821	144086
598821	144086
599821	144086
600821	144086
601821	144086
602821	144086
603821	144086
604821	144086
605821	144086
606821	144086
607821	144086
608821	144086
609821	144086
610821	144086
611821	144086
612821	144086
613821	144086
614821	144086
615821	144086
616821	144086
617821	144086
618821	144086
619821	144086
620821	144086
621821	144086
622821	144086
623821	144086
624821	144086
625821	144086
626821	144086
627821	144086
628821	144086
629821	144086
630821	144086
554821	145086
555821	145086
556821	145086
557821	145086
558821	145086
559821	145086
560821	145086
561821	145086
562821	145086
563821	145086
564821	145086
565821	145086
566821	145086
567821	145086
568821	145086
569821	145086
570821	145086
571821	145086
572821	145086
573821	145086
574821	145086
575821	145086
576821	145086
577821	145086
578821	145086
579821	145086
580821	145086
581821	145086
582821	145086
583821	145086
584821	145086
585821	145086
586821	145086
587821	145086
588821	145086
589821	145086
590821	145086
591821	145086
592821	145086
593821	145086
594821	145086
595821	145086
596821	145086
597821	145086
598821	145086
599821	145086
600821	145086
601821	145086
602821	145086
603821	145086
604821	145086
605821	145086
606821	145086
607821	145086
608821	145086
609821	145086
610821	145086
611821	145086
612821	145086
613821	145086
614821	145086
615821	145086
616821	145086
617821	145086
618821	145086
619821	145086
620821	145086
621821	145086
622821	145086
623821	145086
624821	145086
625821	145086
626821	145086
627821	145086
628821	145086
629821	145086
630821	145086
554821	146086
555821	146086
556821	146086
557821	146086
558821	146086
559821	146086
560821	146086
561821	146086
562821	146086
563821	146086
564821	146086
565821	146086
566821	146086
567821	146086
568821	146086
569821	146086
570821	146086
571821	146086
572821	146086
573821	146086
574821	146086
575821	146086
576821	146086
577821	146086
578821	146086
579821	146086
580821	146086
581821	146086
582821	146086
583821	146086
584821	146086
585821	146086
586821	146086
587821	146086
588821	146086
589821	146086
590821	146086
591821	146086
592821	146086
593821	146086
594821	146086
595821	146086
596821	146086
597821	146086
598821	146086
599821	146086
600821	146086
601821	146086
602821	146086
603821	146086
604821	146086
605821	146086
606821	146086
607821	146086
608821	146086
609821	146086
610821	146086
611821	146086
612821	146086
613821	146086
614821	146086
615821	146086
616821	146086
617821	146086
618821	146086
619821	146086
620821	146086
621821	146086
622821	146086
623821	146086
624821	146086
625821	146086
626821	146086
627821	146086
628821	146086
629821	146086
630821	146086
554821	147086
555821	147086
556821	147086
557821	147086
558821	147086
559821	147086
560821	147086
561821	147086
562821	147086
563821	147086
564821	147086
565821	147086
566821	147086
567821	147086
568821	147086
569821	147086
570821	147086
571821	147086
572821	147086
573821	147086
574821	147086
575821	147086
576821	147086
577821	147086
578821	147086
579821	147086
580821	147086
581821	147086
582821	147086
583821	147086
584821	147086
585821	147086
586821	147086
587821	147086
588821	147086
589821	147086
590821	147086
591821	147086
592821	147086
593821	147086
594821	147086
595821	147086
596821	147086
597821	147086
598821	147086
599821	147086
600821	147086
601821	147086
602821	147086
603821	147086
604821	147086
605821	147086
606821	147086
607821	147086
608821	147086
609821	147086
610821	147086
611821	147086
612821	147086
613821	147086
614821	147086
615821	147086
616821	147086
617821	147086
618821	147086
619821	147086
620821	147086
621821	147086
622821	147086
623821	147086
624821	147086
625821	147086
626821	147086
627821	147086
628821	147086
629821	147086
630821	147086
554821	148086
555821	148086
556821	148086
557821	148086
558821	148086
559821	148086
560821	148086
561821	148086
562821	148086
563821	148086
564821	148086
565821	148086
566821	148086
567821	148086
568821	148086
569821	148086
570821	148086
571821	148086
572821	148086
573821	148086
574821	148086
575821	148086
576821	148086
577821	148086
578821	148086
579821	148086
580821	148086
581821	148086
582821	148086
583821	148086
584821	148086
585821	148086
586821	148086
587821	148086
588821	148086
589821	148086
590821	148086
591821	148086
592821	148086
593821	148086
594821	148086
595821	148086
596821	148086
597821	148086
598821	148086
599821	148086
600821	148086
601821	148086
602821	148086
603821	148086
604821	148086
605821	148086
606821	148086
607821	148086
608821	148086
609821	148086
610821	148086
611821	148086
612821	148086
613821	148086
614821	148086
615821	148086
616821	148086
617821	148086
618821	148086
619821	148086
620821	148086
621821	148086
622821	148086
623821	148086
624821	148086
625821	148086
626821	148086
627821	148086
628821	148086
629821	148086
630821	148086
554821	149086
555821	149086
556821	149086
557821	149086
558821	149086
559821	149086
560821	149086
561821	149086
562821	149086
563821	149086
564821	149086
565821	149086
566821	149086
567821	149086
568821	149086
569821	149086
570821	149086
571821	149086
572821	149086
573821	149086
574821	149086
575821	149086
576821	149086
577821	149086
578821	149086
579821	149086
580821	149086
581821	149086
582821	149086
583821	149086
584821	149086
585821	149086
586821	149086
587821	149086
588821	149086
589821	149086
590821	149086
591821	149086
592821	149086
593821	149086
594821	149086
595821	149086
596821	149086
597821	149086
598821	149086
599821	149086
600821	149086
601821	149086
602821	149086
603821	149086
604821	149086
605821	149086
606821	149086
607821	149086
608821	149086
609821	149086
610821	149086
611821	149086
612821	149086
613821	149086
614821	149086
615821	149086
616821	149086
617821	149086
618821	149086
619821	149086
620821	149086
621821	149086
622821	149086
623821	149086
624821	149086
625821	149086
626821	149086
627821	149086
628821	149086
629821	149086
630821	149086
554821	150086
555821	150086
556821	150086
557821	150086
558821	150086
559821	150086
560821	150086
561821	150086
562821	150086
563821	150086
564821	150086
565821	150086
566821	150086
567821	150086
568821	150086
569821	150086
570821	150086
571821	150086
572821	150086
573821	150086
574821	150086
575821	150086
576821	150086
577821	150086
578821	150086
579821	150086
580821	150086
581821	150086
582821	150086
583821	150086
584821	150086
585821	150086
586821	150086
587821	150086
588821	150086
589821	150086
590821	150086
591821	150086
592821	150086
593821	150086
594821	150086
595821	150086
596821	150086
597821	150086
598821	150086
599821	150086
600821	150086
601821	150086
602821	150086
603821	150086
604821	150086
605821	150086
606821	150086
607821	150086
608821	150086
609821	150086
610821	150086
611821	150086
612821	150086
613821	150086
614821	150086
615821	150086
616821	150086
617821	150086
618821	150086
619821	150086
620821	150086
621821	150086
622821	150086
623821	150086
624821	150086
625821	150086
626821	150086
627821	150086
628821	150086
629821	150086
630821	150086
554821	151086
555821	151086
556821	151086
557821	151086
558821	151086
559821	151086
560821	151086
561821	151086
562821	151086
563821	151086
564821	151086
565821	151086
566821	151086
567821	151086
568821	151086
569821	151086
570821	151086
571821	151086
572821	151086
573821	151086
574821	151086
575821	151086
576821	151086
577821	151086
578821	151086
579821	151086
580821	151086
581821	151086
582821	151086
583821	151086
584821	151086
585821	151086
586821	151086
587821	151086
588821	151086
589821	151086
590821	151086
591821	151086
592821	151086
593821	151086
594821	151086
595821	151086
596821	151086
597821	151086
598821	151086
599821	151086
600821	151086
601821	151086
602821	151086
603821	151086
604821	151086
605821	151086
606821	151086
607821	151086
608821	151086
609821	151086
610821	151086
611821	151086
612821	151086
613821	151086
614821	151086
615821	151086
616821	151086
617821	151086
618821	151086
619821	151086
620821	151086
621821	151086
622821	151086
623821	151086
624821	151086
625821	151086
626821	151086
627821	151086
628821	151086
629821	151086
630821	151086
554821	152086
555821	152086
556821	152086
557821	152086
558821	152086
559821	152086
560821	152086
561821	152086
562821	152086
563821	152086
564821	152086
565821	152086
566821	152086
567821	152086
568821	152086
569821	152086
570821	152086
571821	152086
572821	152086
573821	152086
574821	152086
575821	152086
576821	152086
577821	152086
578821	152086
579821	152086
580821	152086
581821	152086
582821	152086
583821	152086
584821	152086
585821	152086
586821	152086
587821	152086
588821	152086
589821	152086
590821	152086
591821	152086
592821	152086
593821	152086
594821	152086
595821	152086
596821	152086
597821	152086
598821	152086
599821	152086
600821	152086
601821	152086
602821	152086
603821	152086
604821	152086
605821	152086
606821	152086
607821	152086
608821	152086
609821	152086
610821	152086
611821	152086
612821	152086
613821	152086
614821	152086
615821	152086
616821	152086
617821	152086
618821	152086
619821	152086
620821	152086
621821	152086
622821	152086
623821	152086
624821	152086
625821	152086
626821	152086
627821	152086
628821	152086
629821	152086
630821	152086
554821	153086
555821	153086
556821	153086
557821	153086
558821	153086
559821	153086
560821	153086
561821	153086
562821	153086
563821	153086
564821	153086
565821	153086
566821	153086
567821	153086
568821	153086
569821	153086
570821	153086
571821	153086
572821	153086
573821	153086
574821	153086
575821	153086
576821	153086
577821	153086
578821	153086
579821	153086
580821	153086
581821	153086
582821	153086
583821	153086
584821	153086
585821	153086
586821	153086
587821	153086
588821	153086
589821	153086
590821	153086
591821	153086
592821	153086
593821	153086
594821	153086
595821	153086
596821	153086
597821	153086
598821	153086
599821	153086
600821	153086
601821	153086
602821	153086
603821	153086
604821	153086
605821	153086
606821	153086
607821	153086
608821	153086
609821	153086
610821	153086
611821	153086
612821	153086
613821	153086
614821	153086
615821	153086
616821	153086
617821	153086
618821	153086
619821	153086
620821	153086
621821	153086
622821	153086
623821	153086
624821	153086
625821	153086
626821	153086
627821	153086
628821	153086
629821	153086
630821	153086
554821	154086
555821	154086
556821	154086
557821	154086
558821	154086
559821	154086
560821	154086
561821	154086
562821	154086
563821	154086
564821	154086
565821	154086
566821	154086
567821	154086
568821	154086
569821	154086
570821	154086
571821	154086
572821	154086
573821	154086
574821	154086
575821	154086
576821	154086
577821	154086
578821	154086
579821	154086
580821	154086
581821	154086
582821	154086
583821	154086
584821	154086
585821	154086
586821	154086
587821	154086
588821	154086
589821	154086
590821	154086
591821	154086
592821	154086
593821	154086
594821	154086
595821	154086
596821	154086
597821	154086
598821	154086
599821	154086
600821	154086
601821	154086
602821	154086
603821	154086
604821	154086
605821	154086
606821	154086
607821	154086
608821	154086
609821	154086
610821	154086
611821	154086
612821	154086
613821	154086
614821	154086
615821	154086
616821	154086
617821	154086
618821	154086
619821	154086
620821	154086
621821	154086
622821	154086
623821	154086
624821	154086
625821	154086
626821	154086
627821	154086
628821	154086
629821	154086
630821	154086
554821	155086
555821	155086
556821	155086
557821	155086
558821	155086
559821	155086
560821	155086
561821	155086
562821	155086
563821	155086
564821	155086
565821	155086
566821	155086
567821	155086
568821	155086
569821	155086
570821	155086
571821	155086
572821	155086
573821	155086
574821	155086
575821	155086
576821	155086
577821	155086
578821	155086
579821	155086
580821	155086
581821	155086
582821	155086
583821	155086
584821	155086
585821	155086
586821	155086
587821	155086
588821	155086
589821	155086
590821	155086
591821	155086
592821	155086
593821	155086
594821	155086
595821	155086
596821	155086
597821	155086
598821	155086
599821	155086
600821	155086
601821	155086
602821	155086
603821	155086
604821	155086
605821	155086
606821	155086
607821	155086
608821	155086
609821	155086
610821	155086
611821	155086
612821	155086
613821	155086
614821	155086
615821	155086
616821	155086
617821	155086
618821	155086
619821	155086
620821	155086
621821	155086
622821	155086
623821	155086
624821	155086
625821	155086
626821	155086
627821	155086
628821	155086
629821	155086
630821	155086
554821	156086
555821	156086
556821	156086
557821	156086
558821	156086
559821	156086
560821	156086
561821	156086
562821	156086
563821	156086
564821	156086
565821	156086
566821	156086
567821	156086
568821	156086
569821	156086
570821	156086
571821	156086
572821	156086
573821	156086
574821	156086
575821	156086
576821	156086
577821	156086
578821	156086
579821	156086
580821	156086
581821	156086
582821	156086
583821	156086
584821	156086
585821	156086
586821	156086
587821	156086
588821	156086
589821	156086
590821	156086
591821	156086
592821	156086
593821	156086
594821	156086
595821	156086
596821	156086
597821	156086
598821	156086
599821	156086
600821	156086
601821	156086
602821	156086
603821	156086
604821	156086
605821	156086
606821	156086
607821	156086
608821	156086
609821	156086
610821	156086
611821	156086
612821	156086
613821	156086
614821	156086
615821	156086
616821	156086
617821	156086
618821	156086
619821	156086
620821	156086
621821	156086
622821	156086
623821	156086
624821	156086
625821	156086
626821	156086
627821	156086
628821	156086
629821	156086
630821	156086
554821	157086
555821	157086
556821	157086
557821	157086
558821	157086
559821	157086
560821	157086
561821	157086
562821	157086
563821	157086
564821	157086
565821	157086
566821	157086
567821	157086
568821	157086
569821	157086
570821	157086
571821	157086
572821	157086
573821	157086
574821	157086
575821	157086
576821	157086
577821	157086
578821	157086
579821	157086
580821	157086
581821	157086
582821	157086
583821	157086
584821	157086
585821	157086
586821	157086
587821	157086
588821	157086
589821	157086
590821	157086
591821	157086
592821	157086
593821	157086
594821	157086
595821	157086
596821	157086
597821	157086
598821	157086
599821	157086
600821	157086
601821	157086
602821	157086
603821	157086
604821	157086
605821	157086
606821	157086
607821	157086
608821	157086
609821	157086
610821	157086
611821	157086
612821	157086
613821	157086
614821	157086
615821	157086
616821	157086
617821	157086
618821	157086
619821	157086
620821	157086
621821	157086
622821	157086
623821	157086
624821	157086
625821	157086
626821	157086
627821	157086
628821	157086
629821	157086
630821	157086
554821	158086
555821	158086
556821	158086
557821	158086
558821	158086
559821	158086
560821	158086
561821	158086
562821	158086
563821	158086
564821	158086
565821	158086
566821	158086
567821	158086
568821	158086
569821	158086
570821	158086
571821	158086
572821	158086
573821	158086
574821	158086
575821	158086
576821	158086
577821	158086
578821	158086
579821	158086
580821	158086
581821	158086
582821	158086
583821	158086
584821	158086
585821	158086
586821	158086
587821	158086
588821	158086
589821	158086
590821	158086
591821	158086
592821	158086
593821	158086
594821	158086
595821	158086
596821	158086
597821	158086
598821	158086
599821	158086
600821	158086
601821	158086
602821	158086
603821	158086
604821	158086
605821	158086
606821	158086
607821	158086
608821	158086
609821	158086
610821	158086
611821	158086
612821	158086
613821	158086
614821	158086
615821	158086
616821	158086
617821	158086
618821	158086
619821	158086
620821	158086
621821	158086
622821	158086
623821	158086
624821	158086
625821	158086
626821	158086
627821	158086
628821	158086
629821	158086
630821	158086
554821	159086
555821	159086
556821	159086
557821	159086
558821	159086
559821	159086
560821	159086
561821	159086
562821	159086
563821	159086
564821	159086
565821	159086
566821	159086
567821	159086
568821	159086
569821	159086
570821	159086
571821	159086
572821	159086
573821	159086
574821	159086
575821	159086
576821	159086
577821	159086
578821	159086
579821	159086
580821	159086
581821	159086
582821	159086
583821	159086
584821	159086
585821	159086
586821	159086
587821	159086
588821	159086
589821	159086
590821	159086
591821	159086
592821	159086
593821	159086
594821	159086
595821	159086
596821	159086
597821	159086
598821	159086
599821	159086
600821	159086
601821	159086
602821	159086
603821	159086
604821	159086
605821	159086
606821	159086
607821	159086
608821	159086
609821	159086
610821	159086
611821	159086
612821	159086
613821	159086
614821	159086
615821	159086
616821	159086
617821	159086
618821	159086
619821	159086
620821	159086
621821	159086
622821	159086
623821	159086
624821	159086
625821	159086
626821	159086
627821	159086
628821	159086
629821	159086
630821	159086
554821	160086
555821	160086
556821	160086
557821	160086
558821	160086
559821	160086
560821	160086
561821	160086
562821	160086
563821	160086
564821	160086
565821	160086
566821	160086
567821	160086
568821	160086
569821	160086
570821	160086
571821	160086
572821	160086
573821	160086
574821	160086
575821	160086
576821	160086
577821	160086
578821	160086
579821	160086
580821	160086
581821	160086
582821	160086
583821	160086
584821	160086
585821	160086
586821	160086
587821	160086
588821	160086
589821	160086
590821	160086
591821	160086
592821	160086
593821	160086
594821	160086
595821	160086
596821	160086
597821	160086
598821	160086
599821	160086
600821	160086
601821	160086
602821	160086
603821	160086
604821	160086
605821	160086
606821	160086
607821	160086
608821	160086
609821	160086
610821	160086
611821	160086
612821	160086
613821	160086
614821	160086
615821	160086
616821	160086
617821	160086
618821	160086
619821	160086
620821	160086
621821	160086
622821	160086
623821	160086
624821	160086
625821	160086
626821	160086
627821	160086
628821	160086
629821	160086
630821	160086
554821	161086
555821	161086
556821	161086
557821	161086
558821	161086
559821	161086
560821	161086
561821	161086
562821	161086
563821	161086
564821	161086
565821	161086
566821	161086
567821	161086
568821	161086
569821	161086
570821	161086
571821	161086
572821	161086
573821	161086
574821	161086
575821	161086
576821	161086
577821	161086
578821	161086
579821	161086
580821	161086
581821	161086
582821	161086
583821	161086
584821	161086
585821	161086
586821	161086
587821	161086
588821	161086
589821	161086
590821	161086
591821	161086
592821	161086
593821	161086
594821	161086
595821	161086
596821	161086
597821	161086
598821	161086
599821	161086
600821	161086
601821	161086
602821	161086
603821	161086
604821	161086
605821	161086
606821	161086
607821	161086
608821	161086
609821	161086
610821	161086
611821	161086
612821	161086
613821	161086
614821	161086
615821	161086
616821	161086
617821	161086
618821	161086
619821	161086
620821	161086
621821	161086
622821	161086
623821	161086
624821	161086
625821	161086
626821	161086
627821	161086
628821	161086
629821	161086
630821	161086
554821	162086
555821	162086
556821	162086
557821	162086
558821	162086
559821	162086
560821	162086
561821	162086
562821	162086
563821	162086
564821	162086
565821	162086
566821	162086
567821	162086
568821	162086
569821	162086
570821	162086
571821	162086
572821	162086
573821	162086
574821	162086
575821	162086
576821	162086
577821	162086
578821	162086
579821	162086
580821	162086
581821	162086
582821	162086
583821	162086
584821	162086
585821	162086
586821	162086
587821	162086
588821	162086
589821	162086
590821	162086
591821	162086
592821	162086
593821	162086
594821	162086
595821	162086
596821	162086
597821	162086
598821	162086
599821	162086
600821	162086
601821	162086
602821	162086
603821	162086
604821	162086
605821	162086
606821	162086
607821	162086
608821	162086
609821	162086
610821	162086
611821	162086
612821	162086
613821	162086
614821	162086
615821	162086
616821	162086
617821	162086
618821	162086
619821	162086
620821	162086
621821	162086
622821	162086
623821	162086
624821	162086
625821	162086
626821	162086
627821	162086
628821	162086
629821	162086
630821	162086
554821	163086
555821	163086
556821	163086
557821	163086
558821	163086
559821	163086
560821	163086
561821	163086
562821	163086
563821	163086
564821	163086
565821	163086
566821	163086
567821	163086
568821	163086
569821	163086
570821	163086
571821	163086
572821	163086
573821	163086
574821	163086
575821	163086
576821	163086
577821	163086
578821	163086
579821	163086
580821	163086
581821	163086
582821	163086
583821	163086
584821	163086
585821	163086
586821	163086
587821	163086
588821	163086
589821	163086
590821	163086
591821	163086
592821	163086
593821	163086
594821	163086
595821	163086
596821	163086
597821	163086
598821	163086
599821	163086
600821	163086
601821	163086
602821	163086
603821	163086
604821	163086
605821	163086
606821	163086
607821	163086
608821	163086
609821	163086
610821	163086
611821	163086
612821	163086
613821	163086
614821	163086
615821	163086
616821	163086
617821	163086
618821	163086
619821	163086
620821	163086
621821	163086
622821	163086
623821	163086
624821	163086
625821	163086
626821	163086
627821	163086
628821	163086
629821	163086
630821	163086
554821	164086
555821	164086
556821	164086
557821	164086
558821	164086
559821	164086
560821	164086
561821	164086
562821	164086
563821	164086
564821	164086
565821	164086
566821	164086
567821	164086
568821	164086
569821	164086
570821	164086
571821	164086
572821	164086
573821	164086
574821	164086
575821	164086
576821	164086
577821	164086
578821	164086
579821	164086
580821	164086
581821	164086
582821	164086
583821	164086
584821	164086
585821	164086
586821	164086
587821	164086
588821	164086
589821	164086
590821	164086
591821	164086
592821	164086
593821	164086
594821	164086
595821	164086
596821	164086
597821	164086
598821	164086
599821	164086
600821	164086
601821	164086
602821	164086
603821	164086
604821	164086
605821	164086
606821	164086
607821	164086
608821	164086
609821	164086
610821	164086
611821	164086
612821	164086
613821	164086
614821	164086
615821	164086
616821	164086
617821	164086
618821	164086
619821	164086
620821	164086
621821	164086
622821	164086
623821	164086
624821	164086
625821	164086
626821	164086
627821	164086
628821	164086
629821	164086
630821	164086
554821	165086
555821	165086
556821	165086
557821	165086
558821	165086
559821	165086
560821	165086
561821	165086
562821	165086
563821	165086
564821	165086
565821	165086
566821	165086
567821	165086
568821	165086
569821	165086
570821	165086
571821	165086
572821	165086
573821	165086
574821	165086
575821	165086
576821	165086
577821	165086
578821	165086
579821	165086
580821	165086
581821	165086
582821	165086
583821	165086
584821	165086
585821	165086
586821	165086
587821	165086
588821	165086
589821	165086
590821	165086
591821	165086
592821	165086
593821	165086
594821	165086
595821	165086
596821	165086
597821	165086
598821	165086
599821	165086
600821	165086
601821	165086
602821	165086
603821	165086
604821	165086
605821	165086
606821	165086
607821	165086
608821	165086
609821	165086
610821	165086
611821	165086
612821	165086
613821	165086
614821	165086
615821	165086
616821	165086
617821	165086
618821	165086
619821	165086
620821	165086
621821	165086
622821	165086
623821	165086
624821	165086
625821	165086
626821	165086
627821	165086
628821	165086
629821	165086
630821	165086
554821	166086
555821	166086
556821	166086
557821	166086
558821	166086
559821	166086
560821	166086
561821	166086
562821	166086
563821	166086
564821	166086
565821	166086
566821	166086
567821	166086
568821	166086
569821	166086
570821	166086
571821	166086
572821	166086
573821	166086
574821	166086
575821	166086
576821	166086
577821	166086
578821	166086
579821	166086
580821	166086
581821	166086
582821	166086
583821	166086
584821	166086
585821	166086
586821	166086
587821	166086
588821	166086
589821	166086
590821	166086
591821	166086
592821	166086
593821	166086
594821	166086
595821	166086
596821	166086
597821	166086
598821	166086
599821	166086
600821	166086
601821	166086
602821	166086
603821	166086
604821	166086
605821	166086
606821	166086
607821	166086
608821	166086
609821	166086
610821	166086
611821	166086
612821	166086
613821	166086
614821	166086
615821	166086
616821	166086
617821	166086
618821	166086
619821	166086
620821	166086
621821	166086
622821	166086
623821	166086
624821	166086
625821	166086
626821	166086
627821	166086
628821	166086
629821	166086
630821	166086
554821	167086
555821	167086
556821	167086
557821	167086
558821	167086
559821	167086
560821	167086
561821	167086
562821	167086
563821	167086
564821	167086
565821	167086
566821	167086
567821	167086
568821	167086
569821	167086
570821	167086
571821	167086
572821	167086
573821	167086
574821	167086
575821	167086
576821	167086
577821	167086
578821	167086
579821	167086
580821	167086
581821	167086
582821	167086
583821	167086
584821	167086
585821	167086
586821	167086
587821	167086
588821	167086
589821	167086
590821	167086
591821	167086
592821	167086
593821	167086
594821	167086
595821	167086
596821	167086
597821	167086
598821	167086
599821	167086
600821	167086
601821	167086
602821	167086
603821	167086
604821	167086
605821	167086
606821	167086
607821	167086
608821	167086
609821	167086
610821	167086
611821	167086
612821	167086
613821	167086
614821	167086
615821	167086
616821	167086
617821	167086
618821	167086
619821	167086
620821	167086
621821	167086
622821	167086
623821	167086
624821	167086
625821	167086
626821	167086
627821	167086
628821	167086
629821	167086
630821	167086
554821	168086
555821	168086
556821	168086
557821	168086
558821	168086
559821	168086
560821	168086
561821	168086
562821	168086
563821	168086
564821	168086
565821	168086
566821	168086
567821	168086
568821	168086
569821	168086
570821	168086
571821	168086
572821	168086
573821	168086
574821	168086
575821	168086
576821	168086
577821	168086
578821	168086
579821	168086
580821	168086
581821	168086
582821	168086
583821	168086
584821	168086
585821	168086
586821	168086
587821	168086
588821	168086
589821	168086
590821	168086
591821	168086
592821	168086
593821	168086
594821	168086
595821	168086
596821	168086
597821	168086
598821	168086
599821	168086
600821	168086
601821	168086
602821	168086
603821	168086
604821	168086
605821	168086
606821	168086
607821	168086
608821	168086
609821	168086
610821	168086
611821	168086
612821	168086
613821	168086
614821	168086
615821	168086
616821	168086
617821	168086
618821	168086
619821	168086
620821	168086
621821	168086
622821	168086
623821	168086
624821	168086
625821	168086
626821	168086
627821	168086
628821	168086
629821	168086
630821	168086
554821	169086
555821	169086
556821	169086
557821	169086
558821	169086
559821	169086
560821	169086
561821	169086
562821	169086
563821	169086
564821	169086
565821	169086
566821	169086
567821	169086
568821	169086
569821	169086
570821	169086
571821	169086
572821	169086
573821	169086
574821	169086
575821	169086
576821	169086
577821	169086
578821	169086
579821	169086
580821	169086
581821	169086
582821	169086
583821	169086
584821	169086
585821	169086
586821	169086
587821	169086
588821	169086
589821	169086
590821	169086
591821	169086
592821	169086
593821	169086
594821	169086
595821	169086
596821	169086
597821	169086
598821	169086
599821	169086
600821	169086
601821	169086
602821	169086
603821	169086
604821	169086
605821	169086
606821	169086
607821	169086
608821	169086
609821	169086
610821	169086
611821	169086
612821	169086
613821	169086
614821	169086
615821	169086
616821	169086
617821	169086
618821	169086
619821	169086
620821	169086
621821	169086
622821	169086
623821	169086
624821	169086
625821	169086
626821	169086
627821	169086
628821	169086
629821	169086
630821	169086
554821	170086
555821	170086
556821	170086
557821	170086
558821	170086
559821	170086
560821	170086
561821	170086
562821	170086
563821	170086
564821	170086
565821	170086
566821	170086
567821	170086
568821	170086
569821	170086
570821	170086
571821	170086
572821	170086
573821	170086
574821	170086
575821	170086
576821	170086
577821	170086
578821	170086
579821	170086
580821	170086
581821	170086
582821	170086
583821	170086
584821	170086
585821	170086
586821	170086
587821	170086
588821	170086
589821	170086
590821	170086
591821	170086
592821	170086
593821	170086
594821	170086
595821	170086
596821	170086
597821	170086
598821	170086
599821	170086
600821	170086
601821	170086
602821	170086
603821	170086
604821	170086
605821	170086
606821	170086
607821	170086
608821	170086
609821	170086
610821	170086
611821	170086
612821	170086
613821	170086
614821	170086
615821	170086
616821	170086
617821	170086
618821	170086
619821	170086
620821	170086
621821	170086
622821	170086
623821	170086
624821	170086
625821	170086
626821	170086
627821	170086
628821	170086
629821	170086
630821	170086
554821	171086
555821	171086
556821	171086
557821	171086
558821	171086
559821	171086
560821	171086
561821	171086
562821	171086
563821	171086
564821	171086
565821	171086
566821	171086
567821	171086
568821	171086
569821	171086
570821	171086
571821	171086
572821	171086
573821	171086
574821	171086
575821	171086
576821	171086
577821	171086
578821	171086
579821	171086
580821	171086
581821	171086
582821	171086
583821	171086
584821	171086
585821	171086
586821	171086
587821	171086
588821	171086
589821	171086
590821	171086
591821	171086
592821	171086
593821	171086
594821	171086
595821	171086
596821	171086
597821	171086
598821	171086
599821	171086
600821	171086
601821	171086
602821	171086
603821	171086
604821	171086
605821	171086
606821	171086
607821	171086
608821	171086
609821	171086
610821	171086
611821	171086
612821	171086
613821	171086
614821	171086
615821	171086
616821	171086
617821	171086
618821	171086
619821	171086
620821	171086
621821	171086
622821	171086
623821	171086
624821	171086
625821	171086
626821	171086
627821	171086
628821	171086
629821	171086
630821	171086
554821	172086
555821	172086
556821	172086
557821	172086
558821	172086
559821	172086
560821	172086
561821	172086
562821	172086
563821	172086
564821	172086
565821	172086
566821	172086
567821	172086
568821	172086
569821	172086
570821	172086
571821	172086
572821	172086
573821	172086
574821	172086
575821	172086
576821	172086
577821	172086
578821	172086
579821	172086
580821	172086
581821	172086
582821	172086
583821	172086
584821	172086
585821	172086
586821	172086
587821	172086
588821	172086
589821	172086
590821	172086
591821	172086
592821	172086
593821	172086
594821	172086
595821	172086
596821	172086
597821	172086
598821	172086
599821	172086
600821	172086
601821	172086
602821	172086
603821	172086
604821	172086
605821	172086
606821	172086
607821	172086
608821	172086
609821	172086
610821	172086
611821	172086
612821	172086
613821	172086
614821	172086
615821	172086
616821	172086
617821	172086
618821	172086
619821	172086
620821	172086
621821	172086
622821	172086
623821	172086
624821	172086
625821	172086
626821	172086
627821	172086
628821	172086
629821	172086
630821	172086
554821	173086
555821	173086
556821	173086
557821	173086
558821	173086
559821	173086
560821	173086
561821	173086
562821	173086
563821	173086
564821	173086
565821	173086
566821	173086
567821	173086
568821	173086
569821	173086
570821	173086
571821	173086
572821	173086
573821	173086
574821	173086
575821	173086
576821	173086
577821	173086
578821	173086
579821	173086
580821	173086
581821	173086
582821	173086
583821	173086
584821	173086
585821	173086
586821	173086
587821	173086
588821	173086
589821	173086
590821	173086
591821	173086
592821	173086
593821	173086
594821	173086
595821	173086
596821	173086
597821	173086
598821	173086
599821	173086
600821	173086
601821	173086
602821	173086
603821	173086
604821	173086
605821	173086
606821	173086
607821	173086
608821	173086
609821	173086
610821	173086
611821	173086
612821	173086
613821	173086
614821	173086
615821	173086
616821	173086
617821	173086
618821	173086
619821	173086
620821	173086
621821	173086
622821	173086
623821	173086
624821	173086
625821	173086
626821	173086
627821	173086
628821	173086
629821	173086
630821	173086
554821	174086
555821	174086
556821	174086
557821	174086
558821	174086
559821	174086
560821	174086
561821	174086
562821	174086
563821	174086
564821	174086
565821	174086
566821	174086
567821	174086
568821	174086
569821	174086
570821	174086
571821	174086
572821	174086
573821	174086
574821	174086
575821	174086
576821	174086
577821	174086
578821	174086
579821	174086
580821	174086
581821	174086
582821	174086
583821	174086
584821	174086
585821	174086
586821	174086
587821	174086
588821	174086
589821	174086
590821	174086
591821	174086
592821	174086
593821	174086
594821	174086
595821	174086
596821	174086
597821	174086
598821	174086
599821	174086
600821	174086
601821	174086
602821	174086
603821	174086
604821	174086
605821	174086
606821	174086
607821	174086
608821	174086
609821	174086
610821	174086
611821	174086
612821	174086
613821	174086
614821	174086
615821	174086
616821	174086
617821	174086
618821	174086
619821	174086
620821	174086
621821	174086
622821	174086
623821	174086
624821	174086
625821	174086
626821	174086
627821	174086
628821	174086
629821	174086
630821	174086
554821	175086
555821	175086
556821	175086
557821	175086
558821	175086
559821	175086
560821	175086
561821	175086
562821	175086
563821	175086
564821	175086
565821	175086
566821	175086
567821	175086
568821	175086
569821	175086
570821	175086
571821	175086
572821	175086
573821	175086
574821	175086
575821	175086
576821	175086
577821	175086
578821	175086
579821	175086
580821	175086
581821	175086
582821	175086
583821	175086
584821	175086
585821	175086
586821	175086
587821	175086
588821	175086
589821	175086
590821	175086
591821	175086
592821	175086
593821	175086
594821	175086
595821	175086
596821	175086
597821	175086
598821	175086
599821	175086
600821	175086
601821	175086
602821	175086
603821	175086
604821	175086
605821	175086
606821	175086
607821	175086
608821	175086
609821	175086
610821	175086
611821	175086
612821	175086
613821	175086
614821	175086
615821	175086
616821	175086
617821	175086
618821	175086
619821	175086
620821	175086
621821	175086
622821	175086
623821	175086
624821	175086
625821	175086
626821	175086
627821	175086
628821	175086
629821	175086
630821	175086
554821	176086
555821	176086
556821	176086
557821	176086
558821	176086
559821	176086
560821	176086
561821	176086
562821	176086
563821	176086
564821	176086
565821	176086
566821	176086
567821	176086
568821	176086
569821	176086
570821	176086
571821	176086
572821	176086
573821	176086
574821	176086
575821	176086
576821	176086
577821	176086
578821	176086
579821	176086
580821	176086
581821	176086
582821	176086
583821	176086
584821	176086
585821	176086
586821	176086
587821	176086
588821	176086
589821	176086
590821	176086
591821	176086
592821	176086
593821	176086
594821	176086
595821	176086
596821	176086
597821	176086
598821	176086
599821	176086
600821	176086
601821	176086
602821	176086
603821	176086
604821	176086
605821	176086
606821	176086
607821	176086
608821	176086
609821	176086
610821	176086
611821	176086
612821	176086
613821	176086
614821	176086
615821	176086
616821	176086
617821	176086
618821	176086
619821	176086
620821	176086
621821	176086
622821	176086
623821	176086
624821	176086
625821	176086
626821	176086
627821	176086
628821	176086
629821	176086
630821	176086
554821	177086
555821	177086
556821	177086
557821	177086
558821	177086
559821	177086
560821	177086
561821	177086
562821	177086
563821	177086
564821	177086
565821	177086
566821	177086
567821	177086
568821	177086
569821	177086
570821	177086
571821	177086
572821	177086
573821	177086
574821	177086
575821	177086
576821	177086
577821	177086
578821	177086
579821	177086
580821	177086
581821	177086
582821	177086
583821	177086
584821	177086
585821	177086
586821	177086
587821	177086
588821	177086
589821	177086
590821	177086
591821	177086
592821	177086
593821	177086
594821	177086
595821	177086
596821	177086
597821	177086
598821	177086
599821	177086
600821	177086
601821	177086
602821	177086
603821	177086
604821	177086
605821	177086
606821	177086
607821	177086
608821	177086
609821	177086
610821	177086
611821	177086
612821	177086
613821	177086
614821	177086
615821	177086
616821	177086
617821	177086
618821	177086
619821	177086
620821	177086
621821	177086
622821	177086
623821	177086
624821	177086
625821	177086
626821	177086
627821	177086
628821	177086
629821	177086
630821	177086
554821	178086
555821	178086
556821	178086
557821	178086
558821	178086
559821	178086
560821	178086
561821	178086
562821	178086
563821	178086
564821	178086
565821	178086
566821	178086
567821	178086
568821	178086
569821	178086
570821	178086
571821	178086
572821	178086
573821	178086
574821	178086
575821	178086
576821	178086
577821	178086
578821	178086
579821	178086
580821	178086
581821	178086
582821	178086
583821	178086
584821	178086
585821	178086
586821	178086
587821	178086
588821	178086
589821	178086
590821	178086
591821	178086
592821	178086
593821	178086
594821	178086
595821	178086
596821	178086
597821	178086
598821	178086
599821	178086
600821	178086
601821	178086
602821	178086
603821	178086
604821	178086
605821	178086
606821	178086
607821	178086
608821	178086
609821	178086
610821	178086
611821	178086
612821	178086
613821	178086
614821	178086
615821	178086
616821	178086
617821	178086
618821	178086
619821	178086
620821	178086
621821	178086
622821	178086
623821	178086
624821	178086
625821	178086
626821	178086
627821	178086
628821	178086
629821	178086
630821	178086
554821	179086
555821	179086
556821	179086
557821	179086
558821	179086
559821	179086
560821	179086
561821	179086
562821	179086
563821	179086
564821	179086
565821	179086
566821	179086
567821	179086
568821	179086
569821	179086
570821	179086
571821	179086
572821	179086
573821	179086
574821	179086
575821	179086
576821	179086
577821	179086
578821	179086
579821	179086
580821	179086
581821	179086
582821	179086
583821	179086
584821	179086
585821	179086
586821	179086
587821	179086
588821	179086
589821	179086
590821	179086
591821	179086
592821	179086
593821	179086
594821	179086
595821	179086
596821	179086
597821	179086
598821	179086
599821	179086
600821	179086
601821	179086
602821	179086
603821	179086
604821	179086
605821	179086
606821	179086
607821	179086
608821	179086
609821	179086
610821	179086
611821	179086
612821	179086
613821	179086
614821	179086
615821	179086
616821	179086
617821	179086
618821	179086
619821	179086
620821	179086
621821	179086
622821	179086
623821	179086
624821	179086
625821	179086
626821	179086
627821	179086
628821	179086
629821	179086
630821	179086
554821	180086
555821	180086
556821	180086
557821	180086
558821	180086
559821	180086
560821	180086
561821	180086
562821	180086
563821	180086
564821	180086
565821	180086
566821	180086
567821	180086
568821	180086
569821	180086
570821	180086
571821	180086
572821	180086
573821	180086
574821	180086
575821	180086
576821	180086
577821	180086
578821	180086
579821	180086
580821	180086
581821	180086
582821	180086
583821	180086
584821	180086
585821	180086
586821	180086
587821	180086
588821	180086
589821	180086
590821	180086
591821	180086
592821	180086
593821	180086
594821	180086
595821	180086
596821	180086
597821	180086
598821	180086
599821	180086
600821	180086
601821	180086
602821	180086
603821	180086
604821	180086
605821	180086
606821	180086
607821	180086
608821	180086
609821	180086
610821	180086
611821	180086
612821	180086
613821	180086
614821	180086
615821	180086
616821	180086
617821	180086
618821	180086
619821	180086
620821	180086
621821	180086
622821	180086
623821	180086
624821	180086
625821	180086
626821	180086
627821	180086
628821	180086
629821	180086
630821	180086
554821	181086
555821	181086
556821	181086
557821	181086
558821	181086
559821	181086
560821	181086
561821	181086
562821	181086
563821	181086
564821	181086
565821	181086
566821	181086
567821	181086
568821	181086
569821	181086
570821	181086
571821	181086
572821	181086
573821	181086
574821	181086
575821	181086
576821	181086
577821	181086
578821	181086
579821	181086
580821	181086
581821	181086
582821	181086
583821	181086
584821	181086
585821	181086
586821	181086
587821	181086
588821	181086
589821	181086
590821	181086
591821	181086
592821	181086
593821	181086
594821	181086
595821	181086
596821	181086
597821	181086
598821	181086
599821	181086
600821	181086
601821	181086
602821	181086
603821	181086
604821	181086
605821	181086
606821	181086
607821	181086
608821	181086
609821	181086
610821	181086
611821	181086
612821	181086
613821	181086
614821	181086
615821	181086
616821	181086
617821	181086
618821	181086
619821	181086
620821	181086
621821	181086
622821	181086
623821	181086
624821	181086
625821	181086
626821	181086
627821	181086
628821	181086
629821	181086
630821	181086
554821	182086
555821	182086
556821	182086
557821	182086
558821	182086
559821	182086
560821	182086
561821	182086
562821	182086
563821	182086
564821	182086
565821	182086
566821	182086
567821	182086
568821	182086
569821	182086
570821	182086
571821	182086
572821	182086
573821	182086
574821	182086
575821	182086
576821	182086
577821	182086
578821	182086
579821	182086
580821	182086
581821	182086
582821	182086
583821	182086
584821	182086
585821	182086
586821	182086
587821	182086
588821	182086
589821	182086
590821	182086
591821	182086
592821	182086
593821	182086
594821	182086
595821	182086
596821	182086
597821	182086
598821	182086
599821	182086
600821	182086
601821	182086
602821	182086
603821	182086
604821	182086
605821	182086
606821	182086
607821	182086
608821	182086
609821	182086
610821	182086
611821	182086
612821	182086
613821	182086
614821	182086
615821	182086
616821	182086
617821	182086
618821	182086
619821	182086
620821	182086
621821	182086
622821	182086
623821	182086
624821	182086
625821	182086
626821	182086
627821	182086
628821	182086
629821	182086
630821	182086
554821	183086
555821	183086
556821	183086
557821	183086
558821	183086
559821	183086
560821	183086
561821	183086
562821	183086
563821	183086
564821	183086
565821	183086
566821	183086
567821	183086
568821	183086
569821	183086
570821	183086
571821	183086
572821	183086
573821	183086
574821	183086
575821	183086
576821	183086
577821	183086
578821	183086
579821	183086
580821	183086
581821	183086
582821	183086
583821	183086
584821	183086
585821	183086
586821	183086
587821	183086
588821	183086
589821	183086
590821	183086
591821	183086
592821	183086
593821	183086
594821	183086
595821	183086
596821	183086
597821	183086
598821	183086
599821	183086
600821	183086
601821	183086
602821	183086
603821	183086
604821	183086
605821	183086
606821	183086
607821	183086
608821	183086
609821	183086
610821	183086
611821	183086
612821	183086
613821	183086
614821	183086
615821	183086
616821	183086
617821	183086
618821	183086
619821	183086
620821	183086
621821	183086
622821	183086
623821	183086
624821	183086
625821	183086
626821	183086
627821	183086
628821	183086
629821	183086
630821	183086
554821	184086
555821	184086
556821	184086
557821	184086
558821	184086
559821	184086
560821	184086
561821	184086
562821	184086
563821	184086
564821	184086
565821	184086
566821	184086
567821	184086
568821	184086
569821	184086
570821	184086
571821	184086
572821	184086
573821	184086
574821	184086
575821	184086
576821	184086
577821	184086
578821	184086
579821	184086
580821	184086
581821	184086
582821	184086
583821	184086
584821	184086
585821	184086
586821	184086
587821	184086
588821	184086
589821	184086
590821	184086
591821	184086
592821	184086
593821	184086
594821	184086
595821	184086
596821	184086
597821	184086
598821	184086
599821	184086
600821	184086
601821	184086
602821	184086
603821	184086
604821	184086
605821	184086
606821	184086
607821	184086
608821	184086
609821	184086
610821	184086
611821	184086
612821	184086
613821	184086
614821	184086
615821	184086
616821	184086
617821	184086
618821	184086
619821	184086
620821	184086
621821	184086
622821	184086
623821	184086
624821	184086
625821	184086
626821	184086
627821	184086
628821	184086
629821	184086
630821	184086
554821	185086
555821	185086
556821	185086
557821	185086
558821	185086
559821	185086
560821	185086
561821	185086
562821	185086
563821	185086
564821	185086
565821	185086
566821	185086
567821	185086
568821	185086
569821	185086
570821	185086
571821	185086
572821	185086
573821	185086
574821	185086
575821	185086
576821	185086
577821	185086
578821	185086
579821	185086
580821	185086
581821	185086
582821	185086
583821	185086
584821	185086
585821	185086
586821	185086
587821	185086
588821	185086
589821	185086
590821	185086
591821	185086
592821	185086
593821	185086
594821	185086
595821	185086
596821	185086
597821	185086
598821	185086
599821	185086
600821	185086
601821	185086
602821	185086
603821	185086
604821	185086
605821	185086
606821	185086
607821	185086
608821	185086
609821	185086
610821	185086
611821	185086
612821	185086
613821	185086
614821	185086
615821	185086
616821	185086
617821	185086
618821	185086
619821	185086
620821	185086
621821	185086
622821	185086
623821	185086
624821	185086
625821	185086
626821	185086
627821	185086
628821	185086
629821	185086
630821	185086
554821	186086
555821	186086
556821	186086
557821	186086
558821	186086
559821	186086
560821	186086
561821	186086
562821	186086
563821	186086
564821	186086
565821	186086
566821	186086
567821	186086
568821	186086
569821	186086
570821	186086
571821	186086
572821	186086
573821	186086
574821	186086
575821	186086
576821	186086
577821	186086
578821	186086
579821	186086
580821	186086
581821	186086
582821	186086
583821	186086
584821	186086
585821	186086
586821	186086
587821	186086
588821	186086
589821	186086
590821	186086
591821	186086
592821	186086
593821	186086
594821	186086
595821	186086
596821	186086
597821	186086
598821	186086
599821	186086
600821	186086
601821	186086
602821	186086
603821	186086
604821	186086
605821	186086
606821	186086
607821	186086
608821	186086
609821	186086
610821	186086
611821	186086
612821	186086
613821	186086
614821	186086
615821	186086
616821	186086
617821	186086
618821	186086
619821	186086
620821	186086
621821	186086
622821	186086
623821	186086
624821	186086
625821	186086
626821	186086
627821	186086
628821	186086
629821	186086
630821	186086
